0.075692 76
7.467363 1
0.081789 1
0.190118 1
0.192266 1
0.087635 1
0.464024 1
0.096381 1
0.167785 1
0.264091 1
0.495886 1
0.360438 2
2.843242 63
0.005513 2
0.696370 85
0.001321 2
0.006839 41
0.000047 2
0.002111 37
0.000035 2
3.922615 52
0.005132 2
0.006574 55
0.000569 2
4.169133 74
0.006229 2
0.010459 111
0.000800 2
1.168647 12
0.004523 78
0.183476 12
0.000346 78
1.585236 12
0.000425 62
0.000285 2
0.940559 12
0.000277 79
0.791733 12
0.000392 78
0.276479 12
0.000382 78
2.209530 12
0.006312 80
0.696292 12
0.000747 80
1.226735 12
0.009192 79
0.762084 12
0.000801 79
1.026581 12
0.005789 79
0.964019 12
0.001283 79
0.998319 12
0.001822 80
0.997686 12
0.001552 80
0.998399 12
0.001159 80
0.998092 12
0.003247 80
0.997082 12
0.001386 80
0.996878 12
0.000809 81
0.998916 12
0.001531 81
0.997906 12
0.003597 81
0.995605 12
0.003793 81
0.995756 12
0.000962 81
0.998810 12
0.001632 81
0.997943 12
0.001352 81
0.999359 12
0.002946 81
0.995309 12
0.001277 81
0.998079 12
0.001827 81
1.080401 12
0.000527 80
0.916211 12
0.000971 81
0.998873 12
0.001311 81
0.998198 12
0.004725 81
0.995053 12
0.001317 81
1.001018 12
0.001260 81
0.994833 12
0.001449 81
0.999828 12
0.009691 81
0.988846 12
0.004874 81
1.029334 12
0.002105 81
0.962298 12
0.001580 81
0.998063 12
0.001438 81
1.062483 12
0.003942 81
0.930639 12
0.001453 81
0.997903 12
0.001313 81
0.998203 12
0.001054 81
0.998752 12
0.001529 81
0.998081 12
0.001852 81
0.997422 12
0.001286 81
0.998836 12
0.010663 81
0.989644 12
0.001923 81
1.018369 12
0.002003 81
1.053493 12
0.002787 81
0.922730 12
0.001917 81
0.995040 12
0.010145 81
0.988150 12
0.003658 81
0.995914 12
0.006538 81
0.179692 12
0.001080 81
0.030002 12
0.515748 82
0.001377 2
0.273127 49
0.001189 2
1.871579 12
0.003971 21
1.718023 12
0.000908 21
0.809024 12
0.000859 21
0.812033 12
0.006367 21
4.244640 12
0.086483 59
0.001055 2
0.217021 78
0.001085 2
4.458763 75
0.006372 2
0.760614 66
0.001023 2
0.362424 71
0.001051 2
0.006732 31
0.000037 2
0.004997 36
0.000037 2
0.158334 36
0.000441 2
0.168979 54
0.000483 2
0.609354 56
0.000647 2
0.980136 30
0.000825 2
0.695428 76
0.010499 2
1.351923 44
0.004794 2
0.007686 38
0.000326 2
0.004693 45
0.000394 2
125.096262 13
0.000681 2
0.002123 74
0.000029 2
0.000095 69
0.000022 2
4.183517 13
0.000372 2
0.001945 59
0.000019 2
0.815402 72
0.001003 2
0.813056 82
0.001211 2
1.737305 42
0.000914 2
0.002420 54
0.001752 2
0.301791 80
0.001095 2
0.002270 78
0.000035 2
0.000103 75
0.000021 2
0.000105 63
0.000023 2
0.000078 9
0.000013 2
0.000010 80
0.000009 2
0.000011 55
0.000011 2
0.014640 36
0.000037 2
1.786250 63
0.000920 2
5.267779 68
0.001055 2
1.562020 46
0.001003 2
0.711251 39
0.000655 2
1.500567 49
0.001049 2
0.136909 47
0.000742 2
3.896506 46
0.008019 2
0.005843 43
0.000448 2
0.004164 59
0.000331 2
31.332045 38
0.004563 2
0.005767 38
0.000873 2
0.004582 71
0.000344 2
0.507258 73
0.000552 2
0.000204 70
0.000015 2
0.381097 105
0.000914 2
4.284605 83
0.006445 2
0.350326 98
0.000865 2
0.078489 81
0.000534 2
0.056155 102
0.000578 2
0.095062 45
0.000406 2
0.000099 67
0.000012 2
0.000011 90
0.000009 2
0.000011 70
0.000023 2
5.053750 54
0.005420 2
2.977442 16
0.000374 2
0.000125 34
0.000013 2
0.126580 16
0.000303 2
0.002212 89
0.000019 2
0.000011 88
0.000010 2
0.000011 89
0.000014 114
0.000016 270
0.000016 219
0.000015 191
0.000018 179
0.049354 46
0.000656 2
0.025113 75
4.577904 81
0.005595 2
0.008858 152
0.008906 2
5.206977 84
0.005768 2
0.717224 96
0.001335 2
0.000104 89
0.000012 2
0.000011 77
0.000011 2
0.475705 45
0.000539 2
0.000100 91
0.000012 2
0.000010 72
0.000010 2
0.000010 76
0.000008 2
0.000027 66
0.713357 45
0.000782 2
1.165868 44
0.000723 2
0.910729 42
0.000674 2
0.000104 32
0.000013 2
0.579361 99
0.001151 2
0.424847 17
0.000234 2
0.000099 92
0.000013 2
0.734185 17
0.000471 2
0.000151 92
0.002244 2
1.082401 17
0.000404 2
0.000098 92
0.000013 2
2.824152 17
0.000544 2
0.000128 92
0.000014 2
0.897603 17
0.000473 2
0.000101 92
0.000013 2
1.081982 17
0.000432 2
0.000129 92
0.000014 2
0.765924 17
0.000450 2
0.000138 92
0.000014 2
0.628057 17
0.000405 2
0.000103 92
0.000013 2
0.318517 17
0.000228 2
0.001849 92
0.000018 2
0.157993 17
0.000196 2
0.000098 92
0.000012 2
0.171364 17
0.000210 2
0.000097 92
0.000013 2
0.608461 17
0.000446 2
0.000099 92
0.000013 2
0.169918 17
0.000234 2
0.000100 92
0.000075 2
0.179965 17
0.000210 2
0.000487 92
0.000015 2
0.191419 17
0.000221 2
0.000101 92
0.000015 2
1.796646 17
0.000466 2
0.000105 9
0.000011 2
0.000011 19
0.000010 2
0.001863 88
0.000019 2
0.000010 88
0.000012 52
0.000015 134
0.000014 191
0.000562 26
1.419088 76
116.853901 1
0.071503 1
0.359953 1
0.152048 1
0.983924 2
0.000173 4
0.002213 2
