0.069262 78
3.714914 1
0.082085 1
0.133894 1
0.175939 1
0.144165 1
0.415889 1
0.184156 1
0.143829 1
0.368154 1
0.423843 1
1.336372 2
2.927577 63
0.006359 2
2.163667 63
0.005767 2
1.078799 66
0.001202 2
0.528269 71
0.000613 2
0.006166 31
0.000046 2
0.002534 36
0.000036 2
0.170784 36
0.000435 2
0.270165 54
0.000427 2
0.641175 56
0.000551 2
0.228200 30
0.000317 2
0.765415 76
0.000963 2
1.482856 44
0.005207 2
0.011402 38
0.003404 2
0.005802 45
0.000362 2
126.576075 42
0.000496 2
0.005056 54
0.000041 2
0.340096 80
0.000770 2
0.002278 78
0.000035 2
0.000099 75
0.000022 2
0.000087 63
0.000021 2
0.000082 9
0.000020 2
0.002107 80
0.000059 2
0.000091 55
0.000024 2
0.006721 36
0.000049 2
3.910447 63
0.001260 2
5.180589 69
0.001230 2
1.494653 90
0.001486 2
0.000147 90
0.000017 2
0.066034 78
14.310773 11
1.678826 2
3.785264 53
0.297659 18
0.008968 25
1.253275 1
0.177922 1
0.118240 1
0.175677 1
0.152289 1
0.479875 1
0.247942 1
0.721493 2
0.213311 37
6.938741 5
0.454947 2
0.046377 632
8.282763 11
0.535798 2
0.222736 47
0.030782 47
0.059653 47
0.042482 66
0.041544 47
0.023589 47
0.020716 47
0.027697 165
10.659101 17
0.735033 2
0.321499 81
6.591912 22
0.417215 2
0.298554 73
6.428053 32
0.854452 2
0.225379 34
0.039983 29
6.871899 14
0.334905 2
0.062011 677
8.603577 34
0.336049 2
0.075959 29
6.275794 24
0.328504 2
0.079724 580
0.007594 29
7.847958 3
0.478638 2
0.051581 170
1.564100 1
0.864113 1
0.090009 1
0.398319 2
0.057913 405
6.935509 29
0.374608 2
0.184946 35
0.068917 29
1.722229 1
0.487266 1
0.104379 1
0.344676 2
0.049050 499
6.879760 24
0.304559 2
0.082229 29
0.025881 499
0.034868 120
0.024397 33
1.210634 75
0.097731 10
0.292918 37
6.870690 11
0.318982 2
0.042914 29
5.782335 27
0.735948 2
0.564818 29
6.195148 18
0.655221 2
0.058057 124
9.286779 17
0.390529 2
0.606585 81
4.947033 22
0.734794 2
0.530777 45
0.020187 29
10.154432 34
1.711313 2
0.060386 141
6.312628 3
0.338007 2
0.053599 173
5.412437 66
0.734063 2
1.075769 54
1.052336 54
1.013528 54
1.011413 54
0.988956 54
1.007161 54
1.014577 54
1.262510 55
0.992861 55
1.006935 56
1.114791 57
0.997307 57
1.015325 57
1.203558 57
1.005310 57
1.008792 57
1.060578 57
1.004363 57
1.000902 57
1.022072 57
0.997588 57
1.005169 57
1.008646 57
1.008732 57
0.999855 57
1.000922 57
1.008024 57
1.012945 57
1.001016 57
1.007460 57
1.011511 57
1.011103 57
1.011177 57
1.009012 57
1.004465 56
1.085190 56
0.975388 56
1.006448 56
1.007948 56
1.004381 56
1.051479 56
0.990191 56
1.008194 56
1.000533 56
1.009342 56
1.003975 56
1.017953 56
1.068067 56
1.025781 56
1.001791 56
1.009455 56
1.007496 56
0.997798 56
1.009903 56
1.000040 56
1.018111 56
0.996805 56
1.013821 56
1.009346 56
1.004509 56
1.002764 56
1.016432 56
0.999980 56
1.012332 56
1.008990 56
1.040426 56
0.999524 56
1.009770 56
1.002348 56
1.006757 56
1.071607 56
1.011364 56
1.010786 56
1.012919 56
1.007015 56
0.999373 56
0.741914 190
76.710145 13
0.358954 2
0.182043 148
12.627172 34
0.689468 2
0.548185 104
0.147091 50
0.186038 29
10.677251 18
0.334764 2
0.051471 197
6.437872 13
0.358797 2
0.019398 148
5.501793 13
0.379694 2
0.209894 29
4.226361 25
0.302555 2
0.110105 29
0.046865 44
0.084912 38
0.022787 76
0.018461 44
0.050249 79
0.084375 29
8.207836 28
0.275088 2
0.029384 99
0.484820 93
6.202569 30
0.263191 2
0.042539 152
1.652622 1
0.500297 106
0.125307 50
0.152456 29
4.888126 27
0.287184 2
0.160452 29
4.927789 13
0.343342 2
0.037606 148
6.587928 18
0.301879 2
0.053349 195
4.228293 47
0.335370 2
1.070446 39
0.025826 29
4.944364 35
0.526768 2
0.104477 195
1.990644 1
0.144010 1
0.352029 1
0.600228 1
0.343755 1
0.497513 2
0.121197 1141
5.015250 16
0.286942 2
0.035276 29
4.849029 37
0.620317 2
0.205240 29
4.819334 14
0.367214 2
0.074618 178
8.989762 22
0.327944 2
0.040535 51
17.597849 1
0.570669 2
0.229880 29
11.457602 17
0.726228 2
0.081927 29
4.951790 12
0.302985 2
0.046473 29
3.755626 37
0.365668 2
0.384212 45
0.584760 30
15.003810 29
52.716344 26
0.902787 2
0.172744 29
6.460474 8
0.534810 2
0.017806 110
6.854971 21
0.454811 2
0.327514 52
0.128332 81
15.314328 25
0.335969 2
0.480972 72
14.878752 37
0.310300 2
1.418158 36
0.165764 29
7.649057 3
0.774751 2
0.061890 593
14.433867 1
0.048253 1
0.351951 1
0.095876 1
0.639013 45
1.761184 1
0.103758 1
0.376592 1
0.087362 1
0.474351 10
0.028399 32
0.000453 2
0.002943 78
1.932530 1
0.087836 1
0.272013 1
0.120085 1
0.407963 2
0.000185 4
0.002373 2
