0.076750 78
2.624742 1
0.095968 1
0.144276 1
0.208241 1
0.087556 1
0.600147 1
0.127923 1
0.127971 1
0.311938 1
0.352221 1
0.392622 2
6.472324 63
0.006663 2
1.073096 49
0.001807 2
2.824082 12
0.000881 21
2.121355 12
0.000843 21
1.013178 33
1.006227 12
0.000304 21
10.911495 12
0.099224 59
0.002214 2
1.198346 76
0.001251 2
0.741310 66
0.003028 2
0.311618 71
0.001171 2
0.007887 31
0.000044 2
0.003279 36
0.000050 2
0.126622 36
0.001195 2
0.150198 54
0.001235 2
0.367783 56
0.000699 2
1.141563 30
0.000834 2
1.038185 76
0.011616 2
1.828366 44
0.006315 2
0.014495 38
0.000374 2
0.004754 45
0.000396 2
165.663466 13
0.000651 2
0.002083 74
0.000031 2
0.000188 69
0.000025 2
5.400954 13
0.000696 2
0.002144 59
0.000034 2
0.868487 72
0.000989 2
0.660305 82
0.001917 2
1.553127 42
0.001031 2
0.002747 54
0.000034 2
0.283551 80
0.001211 2
0.001882 78
0.000031 2
0.000093 75
0.000020 2
0.000084 63
0.000019 2
0.000081 9
0.000012 2
0.000011 80
0.000010 2
0.000010 55
0.000012 2
0.013743 36
0.000040 2
2.027014 63
0.000948 2
5.543011 69
0.001149 2
1.643296 46
0.000718 2
0.833963 39
0.000676 2
1.785723 49
0.001090 2
0.200300 47
0.000453 2
2.094153 43
0.001195 2
0.000117 38
0.000083 47
24.859200 38
0.005034 2
0.005842 38
0.000593 2
0.004048 71
0.000530 2
0.462833 73
0.000580 2
0.000156 70
0.000016 2
0.439497 105
0.000772 2
4.959245 83
0.006452 2
0.288973 98
0.000759 2
0.179794 81
0.000562 2
0.095863 102
0.000744 2
0.063038 45
0.000573 2
0.003248 67
0.000029 2
0.000018 90
0.000015 2
0.000015 70
0.000016 2
3.966194 54
0.005250 2
2.324145 16
0.000505 2
0.000118 34
0.000015 2
0.273263 16
0.000327 2
0.000105 89
0.000013 2
0.000010 88
0.000010 2
0.000010 89
0.000096 1053
0.080998 41
0.000359 2
2.332130 80
0.001154 2
0.002957 151
0.000039 2
2.107733 80
0.001235 2
0.201397 96
0.000769 2
0.000110 93
0.000013 2
0.037244 84
0.000966 2
0.556374 45
0.000939 2
0.000109 91
0.000012 2
0.000010 72
0.000010 2
0.000010 76
0.000010 2
0.000034 66
0.748040 45
0.000903 2
0.600303 44
0.001037 2
0.993631 42
0.000787 2
0.002006 32
0.000018 2
0.693155 99
0.001226 2
0.627012 17
0.000528 2
0.000117 92
0.000014 2
0.658511 17
0.000483 2
0.003837 94
1.075924 17
0.000704 2
0.002297 92
0.000020 2
2.762321 17
0.000544 2
0.002954 94
0.907667 17
0.000831 2
0.000170 92
0.000023 2
1.546737 17
0.000609 2
0.002762 92
0.000023 2
0.650247 17
0.000580 2
0.000122 92
0.002027 2
0.823082 17
0.000795 2
0.000201 92
0.000029 2
0.369188 17
0.000272 2
0.001962 92
0.000020 2
0.217630 17
0.000415 2
0.000178 92
0.000027 2
0.259103 17
0.000350 2
0.002656 92
0.000042 2
0.252836 17
0.000282 2
0.002256 92
0.000045 2
0.197942 17
0.000379 2
0.002473 92
0.000044 2
0.142228 17
0.000255 2
0.000117 92
0.000016 2
0.176040 17
0.000321 2
0.000117 92
0.000014 2
2.273752 17
0.000519 13
0.002080 262
0.000082 309
0.030233 29
0.000335 2
1.184086 78
23.238728 1
0.081195 1
0.253876 1
0.184441 1
0.079262 1
0.512027 1
0.087958 1
0.168370 1
0.319950 1
0.151811 1
0.096134 1
0.480209 2
6.182584 43
1.298744 7
0.825400 2
0.315621 37
1.515221 1
0.152075 1
0.392052 1
0.455488 1
0.305504 1
0.362204 2
0.164663 632
7.497992 17
0.304338 2
1.006819 81
5.808243 25
0.350213 2
0.669028 76
5.936927 45
0.461084 2
1.109073 37
0.130504 29
6.138835 29
0.300820 2
0.874170 626
0.726541 29
6.839887 31
0.317901 2
0.294629 29
6.227069 60
0.254165 2
0.105900 190
0.041736 165
0.057462 38
0.098094 58
1.225657 118
0.041666 206
0.386141 546
0.078990 33
2.242274 9
0.018169 29
0.171981 97
0.768255 43
110.389903 28
0.038247 172
0.959350 88
0.177882 15
0.087214 14
7.081324 74
0.406591 2
0.500144 29
5.492018 12
0.255221 2
0.813595 15
0.008080 22
5.532668 38
0.424759 2
1.724665 40
0.705049 60
0.204153 67
5.049234 35
3.452657 116
2.596996 2
0.815511 102
1.844431 94
0.320349 95
0.114309 92
0.143334 105
0.247582 98
0.904272 94
0.214698 95
0.080936 92
0.073517 105
0.097804 98
0.684139 32
0.153559 39
0.175871 32
2.928253 31
3.758487 36
2.530864 30
0.642762 44
0.036475 52
0.052609 33
0.757030 42
5.652859 24
30.967224 31
0.932130 44
0.029445 34
0.037726 53
0.392354 32
0.112087 34
0.079108 40
0.185218 36
0.204909 38
0.191728 49
1.632338 42
0.251156 39
0.305477 35
2.289975 36
0.068225 32
0.616388 34
0.439338 36
0.506021 32
0.666963 60
1.318245 65
0.223587 43
3.674951 47
0.215151 27
1.977658 32
0.045710 25
1.157456 30
0.034574 56
0.142040 46
0.038253 47
0.089196 29
11.195431 34
10.608202 92
0.646289 19
0.040544 17
3.033473 88
1.022216 2
0.038104 36
8.113229 1
0.079718 1
0.263923 1
0.128060 1
0.472813 8
0.051312 29
1.323303 15
0.444897 2
3.348687 47
0.001016 2
0.001927 32
0.000032 2
0.000957 78
82.921282 1
0.080199 1
0.280925 1
0.239053 1
0.073931 1
0.541915 1
0.104231 1
0.128004 1
0.975998 1
0.144000 1
0.135868 1
0.344545 2
49.823900 53
0.432572 43
10.451481 7
0.854796 2
0.416650 37
11.367384 7
0.382696 2
0.246063 37
5.130924 5
0.271071 2
0.037686 687
6.612469 33
0.278085 2
0.121901 79
1.702476 1
0.243426 2
0.272537 50
0.071834 29
6.397010 53
0.430783 2
0.369839 89
1.277503 1
0.197253 55
0.180600 38
0.026790 29
6.782245 33
0.325998 2
0.260640 628
0.715763 29
5.552944 35
0.303001 2
0.515155 29
5.678061 56
0.320180 2
0.100185 98
0.018588 92
0.030486 165
0.075435 38
0.056673 58
0.930593 118
0.038266 206
0.448489 542
0.191890 33
1.641356 38
0.215035 97
1.176108 43
103.336633 28
0.040461 172
0.999872 117
2.419523 56
2.940937 4
0.097370 4
0.019221 4
0.018777 4
0.019299 4
0.018240 4
0.021788 4
0.018509 4
0.019565 4
0.019490 4
0.019693 4
0.020265 4
0.017988 4
0.020803 4
0.018088 4
0.019548 4
0.019336 4
0.019192 4
0.019053 4
0.019507 4
0.029620 4
0.011688 4
0.017670 4
0.020016 4
0.019240 4
0.018912 4
0.018871 4
0.019167 4
0.018278 4
0.019697 4
0.019608 4
0.021830 4
0.017209 4
0.022389 4
0.022182 4
0.012659 4
0.019016 4
0.019690 4
0.019048 4
0.019219 4
0.020678 4
0.019242 4
0.019397 4
0.019642 4
0.019587 4
0.018730 4
0.019400 4
0.020291 4
0.018539 4
0.019921 4
0.024635 4
0.018825 4
0.024198 4
0.017199 4
0.017817 4
0.022385 4
0.017234 1
0.018689 1
0.018478 1
0.020071 1
0.018303 1
5.655113 74
0.262186 2
0.411091 29
5.237634 12
0.281172 2
1.114553 15
0.006859 22
5.533193 38
0.280207 2
2.020655 40
0.693569 60
0.158883 67
4.868931 35
3.362839 116
0.629257 2
0.698465 102
1.821165 94
0.334225 95
0.120490 92
0.125534 105
0.274094 98
0.906210 94
0.122374 95
0.068801 92
0.092088 105
0.119355 98
0.770584 32
0.105215 39
0.214773 32
3.281845 31
4.552491 36
2.150012 30
0.531105 44
0.027022 52
0.037105 33
0.779166 42
3.949808 24
27.196025 31
0.921233 44
0.041425 34
0.035364 53
0.532520 32
0.046635 34
0.064840 40
0.089160 36
0.116230 38
0.321930 49
1.524486 42
0.267701 39
0.254064 35
2.476766 36
0.070331 32
0.622240 34
0.693683 36
1.020549 32
0.728586 60
1.250729 65
0.156452 43
3.955907 47
0.171204 27
3.157962 32
0.043309 25
1.056078 30
0.194478 56
0.861382 46
0.041361 47
0.105473 29
9.953955 34
10.163920 92
0.285856 19
0.502681 17
2.618934 26
0.543082 2
1.184104 52
0.157921 88
5.615927 33
0.267220 2
0.888693 82
5.703242 37
0.310497 2
0.255606 55
2.377283 36
0.159259 36
3.376390 28
0.308965 2
0.342317 29
0.167630 597
0.224536 71
0.044165 6
0.759271 44
4.445898 29
0.292986 2
0.755592 36
4.019636 48
0.306322 2
19.826514 19
0.033081 17
2.538603 42
0.346779 2
0.362158 36
5.634885 11
0.286294 2
0.963657 36
5.885230 29
0.566871 2
0.308529 36
5.701768 82
0.480530 2
1.416481 36
7.822118 4
0.327803 8
0.042837 29
6.556960 15
0.344189 2
0.909171 98
1.359569 47
0.001004 2
0.000117 32
0.000014 2
0.000724 78
65.984028 11
0.334416 2
80.868853 78
13.028026 11
1.734903 2
57.577857 78
10.562080 11
0.364327 2
4.856015 53
0.367718 43
18.986637 1
0.318798 1
0.096305 1
0.208721 1
0.167576 1
0.223934 1
0.551539 1
0.436904 2
0.420639 37
0.596441 29
0.323597 2
0.127875 75
1.414874 1
0.179742 2
0.225267 49
0.125444 29
5.479689 21
0.294962 2
0.094483 76
8.330803 17
0.365939 2
0.432927 60
0.022082 29
9.427070 45
0.256045 2
0.359780 41
0.078885 29
5.944393 36
0.270920 2
0.286624 630
0.727258 29
6.947216 39
0.287396 2
0.691520 29
5.285969 20
0.305339 2
0.169771 29
5.620173 14
0.293754 2
0.080408 29
9.977163 11
0.647648 2
0.227807 15
0.020280 14
12.328868 40
0.247229 2
0.627652 29
5.198002 82
0.269710 2
1.247602 29
4.704809 1
0.006257 23
0.897450 2
0.033668 29
7.312172 61
0.358107 2
0.276961 55
1.053495 39
0.397168 29
8.977600 24
0.944685 2
0.059787 29
13.603098 12
0.255026 2
0.180414 29
5.422365 43
0.261999 2
0.558533 51
0.463003 43
14.997378 29
2.885592 11
0.334739 2
0.609009 29
1.302522 1
0.071913 1
7.144120 1
0.288239 1
0.255031 45
1.480824 1
0.072021 1
0.240453 1
0.127847 1
0.252802 10
0.037702 32
0.000454 2
0.002871 78
1.992343 1
0.071933 1
0.328260 1
0.143893 1
1.151956 2
0.000190 4
0.002233 2
